part: b) fixed
-------------------------------------------------------
5
Epoch:  499  Loss:  1.1178433573040856
Time taken to Train:  67.46851992607117
Accuracy on Test:  0.529394
Accuracy on Train:  0.571811275489804
[[167311 333898      0      0      0      0      0      0      0      0]
 [ 60415 362083      0      0      0      0      0      0      0      0]
 [  1879  45743      0      0      0      0      0      0      0      0]
 [  1723  19398      0      0      0      0      0      0      0      0]
 [   810   3075      0      0      0      0      0      0      0      0]
 [   715   1281      0      0      0      0      0      0      0      0]
 [     9   1415      0      0      0      0      0      0      0      0]
 [     4    226      0      0      0      0      0      0      0      0]
 [     0     12      0      0      0      0      0      0      0      0]
 [     3      0      0      0      0      0      0      0      0      0]]
-------------------------------------------------------
10
Time taken to Train:  55.10324192047119
Accuracy on Test:  0.637915
Accuracy on Train:  0.6900839664134346
[[307844 193365      0      0      0      0      0      0      0      0]
 [ 92427 330071      0      0      0      0      0      0      0      0]
 [  2420  45202      0      0      0      0      0      0      0      0]
 [  2464  18657      0      0      0      0      0      0      0      0]
 [  1886   1999      0      0      0      0      0      0      0      0]
 [  1262    734      0      0      0      0      0      0      0      0]
 [    12   1412      0      0      0      0      0      0      0      0]
 [     0    230      0      0      0      0      0      0      0      0]
 [     4      8      0      0      0      0      0      0      0      0]
 [     3      0      0      0      0      0      0      0      0      0]]
-------------------------------------------------------
15
Time taken to Train:  62.30221700668335
Accuracy on Test:  0.685481
Accuracy on Train:  0.7144742103158737
[[302980 198229      0      0      0      0      0      0      0      0]
 [ 49681 370939   1878      0      0      0      0      0      0      0]
 [   601  35459  11562      0      0      0      0      0      0      0]
 [  1066  19341    714      0      0      0      0      0      0      0]
 [  2005   1880      0      0      0      0      0      0      0      0]
 [  1209    787      0      0      0      0      0      0      0      0]
 [     0   1035    389      0      0      0      0      0      0      0]
 [     2    221      7      0      0      0      0      0      0      0]
 [     8      4      0      0      0      0      0      0      0      0]
 [     1      2      0      0      0      0      0      0      0      0]]
-------------------------------------------------------
20
Time taken to Train:  77.4566502571106
Accuracy on Test:  0.883482
Accuracy on Train:  0.9079568172730907
[[471048  30160      0      0      0      1      0      0      0      0]
 [ 36137 379826   6525      0      3      7      0      0      0      0]
 [   140  14874  32608      0      0      0      0      0      0      0]
 [   441  19291   1389      0      0      0      0      0      0      0]
 [  3372    513      0      0      0      0      0      0      0      0]
 [  1866    130      0      0      0      0      0      0      0      0]
 [     0    356   1068      0      0      0      0      0      0      0]
 [     0    216     14      0      0      0      0      0      0      0]
 [     9      3      0      0      0      0      0      0      0      0]
 [     3      0      0      0      0      0      0      0      0      0]]

-------------------------------------------------------
25
Epoch:  499  Loss:  0.16027134883086044
Time taken to Train:  79.56417560577393
Accuracy on Test:  0.938199
Accuracy on Train:  0.9564174330267893
[[490882  10239      0      0     69     19      0      0      0      0]
 [ 12943 407782   1428     14    294     37      0      0      0      0]
 [    18   8110  39474     20      0      0      0      0      0      0]
 [    16  18900   2174     25      6      0      0      0      0      0]
 [  3740    107      0      0     36      2      0      0      0      0]
 [  1959     36      0      0      1      0      0      0      0      0]
 [     0     63   1361      0      0      0      0      0      0      0]
 [     0    150     80      0      0      0      0      0      0      0]
 [    11      1      0      0      0      0      0      0      0      0]
 [     3      0      0      0      0      0      0      0      0      0]]


######################################################################################################################################
part c) fixed
-------------------------------------------------------
5
Epoch:  499  Loss:  0.8269446296422964
Time taken to Train:  149.7076930999756
Accuracy on Test:  0.668686
Accuracy on Train:  0.6727708916433427
[[496813   4396      0      0      0      0      0      0      0      0]
 [252725 169040    733      0      0      0      0      0      0      0]
 [ 20006  24783   2833      0      0      0      0      0      0      0]
 [ 13225   7876     20      0      0      0      0      0      0      0]
 [  3885      0      0      0      0      0      0      0      0      0]
 [  1974     22      0      0      0      0      0      0      0      0]
 [   617    720     87      0      0      0      0      0      0      0]
 [   111    118      1      0      0      0      0      0      0      0]
 [    12      0      0      0      0      0      0      0      0      0]
 [     3      0      0      0      0      0      0      0      0      0]]
-------------------------------------------------------
10
Epoch:  499  Loss:  1.3434462777335212
Time taken to Train:  67.36888408660889
Accuracy on Test:  0.700756
Accuracy on Train:  0.708796481407437
[[483900  17261     48      0      0      0      0      0      0      0]
 [205374 212464   4660      0      0      0      0      0      0      0]
 [ 14279  28951   4392      0      0      0      0      0      0      0]
 [  9234  11770    117      0      0      0      0      0      0      0]
 [  3884      1      0      0      0      0      0      0      0      0]
 [  1925     71      0      0      0      0      0      0      0      0]
 [   377    913    134      0      0      0      0      0      0      0]
 [    75    141     14      0      0      0      0      0      0      0]
 [    12      0      0      0      0      0      0      0      0      0]
 [     3      0      0      0      0      0      0      0      0      0]]
-------------------------------------------------------
15
Epoch:  499  Loss:  0.43351690747240623
Time taken to Train:  67.17323112487793
Accuracy on Test:  0.845747
Accuracy on Train:  0.8678528588564575
[[452572  48518    119      0      0      0      0      0      0      0]
 [ 42462 375745   4291      0      0      0      0      0      0      0]
 [   464  29728  17430      0      0      0      0      0      0      0]
 [   970  19789    362      0      0      0      0      0      0      0]
 [  2999    886      0      0      0      0      0      0      0      0]
 [  1799    196      1      0      0      0      0      0      0      0]
 [     7    928    489      0      0      0      0      0      0      0]
 [     3    224      3      0      0      0      0      0      0      0]
 [     8      4      0      0      0      0      0      0      0      0]
 [     2      1      0      0      0      0      0      0      0      0]]
-------------------------------------------------------
20
Epoch:  499  Loss:  0.11378074993367294
Time taken to Train:  116.71031403541565
Accuracy on Test:  0.967293
Accuracy on Train:  0.9742103158736506
[[499698   1219      0      0    232     16      0      0      0     44]
 [  2749 418385   1084    209     28      1      0      0      0     42]
 [   206   4423  42943     45      0      0      5      0      0      0]
 [    56  14510    443   6102      0      0     10      0      0      0]
 [  3774     55      0      0     49      0      0      0      0      7]
 [  1973     18      0      0      3      2      0      0      0      0]
 [     1     95   1098    116      0      0    114      0      0      0]
 [     0    145     15     70      0      0      0      0      0      0]
 [    12      0      0      0      0      0      0      0      0      0]
 [     3      0      0      0      0      0      0      0      0      0]]
-------------------------------------------------------
25
Epoch:  499  Loss:  0.05878761563939462
Time taken to Train:  85.49852156639099
Accuracy on Test:  0.969538
Accuracy on Train:  0.9826869252299081
[[499403    724      0      0   1082      0      0      0      0      0]
 [  1499 416567    730   3582     36     55      3     26      0      0]
 [     0    814  45994    181      0      0    633      0      0      0]
 [     7  14111    489   6465     16      0      0     33      0      0]
 [  2863     55      0      0    967      0      0      0      0      0]
 [  1987      4      0      0      5      0      0      0      0      0]
 [     0     15   1244     24      0      0    141      0      0      0]
 [     0    126      8     95      0      0      0      1      0      0]
 [     7      0      0      0      5      0      0      0      0      0]
 [     2      0      0      0      1      0      0      0      0      0]]




