part: b) fixed
-------------------------------------------------------
5
Epoch:  40  Loss:  0.9840905667531608
Time taken to Train:  4.884832143783569
Accuracy on Test:  0.500989
Accuracy on Train:  0.4994402239104358
[[499230   1979      0      0      0      0      0      0      0      0]
 [420739   1759      0      0      0      0      0      0      0      0]
 [ 47433    189      0      0      0      0      0      0      0      0]
 [ 21041     80      0      0      0      0      0      0      0      0]
 [  3864     21      0      0      0      0      0      0      0      0]
 [  1986     10      0      0      0      0      0      0      0      0]
 [  1424      0      0      0      0      0      0      0      0      0]
 [   229      1      0      0      0      0      0      0      0      0]
 [    12      0      0      0      0      0      0      0      0      0]
 [     3      0      0      0      0      0      0      0      0      0]]
-------------------------------------------------------
10
Epoch:  499  Loss:  0.6691677562839828
Time taken to Train:  53.56056523323059
Accuracy on Test:  0.706511
Accuracy on Train:  0.7249500199920031
[[427731  73403     75      0      0      0      0      0      0      0]
 [146704 274006   1656    132      0      0      0      0      0      0]
 [  3950  40384   2266   1022      0      0      0      0      0      0]
 [  4719  11104   2742   2492      0      0     29     35      0      0]
 [  2355   1529      1      0      0      0      0      0      0      0]
 [  1717    277      2      0      0      0      0      0      0      0]
 [    32    909    193    278      0      0     10      2      0      0]
 [    25    137      8     29      0      0     25      6      0      0]
 [     8      4      0      0      0      0      0      0      0      0]
 [     2      1      0      0      0      0      0      0      0      0]]

-------------------------------------------------------
15
Epoch:  499  Loss:  0.34476749106328236
Time taken to Train:  50.72828555107117
Accuracy on Test:  0.870643
Accuracy on Train:  0.8798880447820872
[[490009  11069      0      0      0    131      0      0      0      0]
 [ 57179 358975   5021   1255      0     46      0      0      2     20]
 [   237  23252  11611  12482      0      0     38      2      0      0]
 [  1630   6701   2877   9779      0      0     87     47      0      0]
 [  3273    607      0      0      2      3      0      0      0      0]
 [  1846     38      0      0      0    112      0      0      0      0]
 [     0    328    315    631      0      0    136     14      0      0]
 [     5     59     21     44      0      0     82     19      0      0]
 [     9      2      0      0      0      1      0      0      0      0]
 [     0      3      0      0      0      0      0      0      0      0]]

-------------------------------------------------------
20
Epoch:  499  Loss:  0.33031628098719706
Time taken to Train:  63.30622887611389
Accuracy on Test:  0.868085
Accuracy on Train:  0.8879648140743702
[[478496  22561      8     13    131      0      0      0      0      0]
 [ 54624 356258  11131    421     64      0      0      0      0      0]
 [   576  14656  30999   1248      0      0    143      0      0      0]
 [   404   7052  11774   1829      0      0     62      0      0      0]
 [  3319    355      0      0    211      0      0      0      0      0]
 [  1912     84      0      0      0      0      0      0      0      0]
 [     5     66    939    122      0      0    292      0      0      0]
 [     0     40    100     21      0      0     69      0      0      0]
 [    10      1      0      0      1      0      0      0      0      0]
 [     0      0      0      0      3      0      0      0      0      0]]
-------------------------------------------------------
25
Epoch:  499  Loss:  0.13390172665014138
Time taken to Train:  158.70783233642578
Accuracy on Test:  0.92903
Accuracy on Train:  0.9494602159136345
[[492065   8020      0      0    670    429      0      0     19      6]
 [  8159 408605   3931   1568     11    114      3      0     97     10]
 [    56   8204  14129  25199      0      0     34      0      0      0]
 [   183   2659   5140  13007      0      0    124      8      0      0]
 [  2861    305      0      0    708      6      0      0      3      2]
 [  1656     15      0      0      2    314      0      0      8      1]
 [     0     29    109   1096      0      0    188      2      0      0]
 [     0     10     57     99      0      0     50     14      0      0]
 [     7      0      0      0      2      2      0      0      0      1]
 [     0      0      0      0      1      2      0      0      0      0]]


######################################################################################################################################
part c) fixed
-------------------------------------------------------
5
Epoch:  499  Loss:  0.8269446296422964
Time taken to Train:  149.7076930999756
Accuracy on Test:  0.668686
Accuracy on Train:  0.6727708916433427
[[496813   4396      0      0      0      0      0      0      0      0]
 [252725 169040    733      0      0      0      0      0      0      0]
 [ 20006  24783   2833      0      0      0      0      0      0      0]
 [ 13225   7876     20      0      0      0      0      0      0      0]
 [  3885      0      0      0      0      0      0      0      0      0]
 [  1974     22      0      0      0      0      0      0      0      0]
 [   617    720     87      0      0      0      0      0      0      0]
 [   111    118      1      0      0      0      0      0      0      0]
 [    12      0      0      0      0      0      0      0      0      0]
 [     3      0      0      0      0      0      0      0      0      0]]
-------------------------------------------------------
10
Epoch:  499  Loss:  1.3434462777335212
Time taken to Train:  67.36888408660889
Accuracy on Test:  0.700756
Accuracy on Train:  0.708796481407437
[[483900  17261     48      0      0      0      0      0      0      0]
 [205374 212464   4660      0      0      0      0      0      0      0]
 [ 14279  28951   4392      0      0      0      0      0      0      0]
 [  9234  11770    117      0      0      0      0      0      0      0]
 [  3884      1      0      0      0      0      0      0      0      0]
 [  1925     71      0      0      0      0      0      0      0      0]
 [   377    913    134      0      0      0      0      0      0      0]
 [    75    141     14      0      0      0      0      0      0      0]
 [    12      0      0      0      0      0      0      0      0      0]
 [     3      0      0      0      0      0      0      0      0      0]]
-------------------------------------------------------
15
Epoch:  499  Loss:  0.43351690747240623
Time taken to Train:  67.17323112487793
Accuracy on Test:  0.845747
Accuracy on Train:  0.8678528588564575
[[452572  48518    119      0      0      0      0      0      0      0]
 [ 42462 375745   4291      0      0      0      0      0      0      0]
 [   464  29728  17430      0      0      0      0      0      0      0]
 [   970  19789    362      0      0      0      0      0      0      0]
 [  2999    886      0      0      0      0      0      0      0      0]
 [  1799    196      1      0      0      0      0      0      0      0]
 [     7    928    489      0      0      0      0      0      0      0]
 [     3    224      3      0      0      0      0      0      0      0]
 [     8      4      0      0      0      0      0      0      0      0]
 [     2      1      0      0      0      0      0      0      0      0]]
-------------------------------------------------------
20
Epoch:  499  Loss:  0.11378074993367294
Time taken to Train:  116.71031403541565
Accuracy on Test:  0.967293
Accuracy on Train:  0.9742103158736506
[[499698   1219      0      0    232     16      0      0      0     44]
 [  2749 418385   1084    209     28      1      0      0      0     42]
 [   206   4423  42943     45      0      0      5      0      0      0]
 [    56  14510    443   6102      0      0     10      0      0      0]
 [  3774     55      0      0     49      0      0      0      0      7]
 [  1973     18      0      0      3      2      0      0      0      0]
 [     1     95   1098    116      0      0    114      0      0      0]
 [     0    145     15     70      0      0      0      0      0      0]
 [    12      0      0      0      0      0      0      0      0      0]
 [     3      0      0      0      0      0      0      0      0      0]]
-------------------------------------------------------
25
Epoch:  499  Loss:  0.05878761563939462
Time taken to Train:  85.49852156639099
Accuracy on Test:  0.969538
Accuracy on Train:  0.9826869252299081
[[499403    724      0      0   1082      0      0      0      0      0]
 [  1499 416567    730   3582     36     55      3     26      0      0]
 [     0    814  45994    181      0      0    633      0      0      0]
 [     7  14111    489   6465     16      0      0     33      0      0]
 [  2863     55      0      0    967      0      0      0      0      0]
 [  1987      4      0      0      5      0      0      0      0      0]
 [     0     15   1244     24      0      0    141      0      0      0]
 [     0    126      8     95      0      0      0      1      0      0]
 [     7      0      0      0      5      0      0      0      0      0]
 [     2      0      0      0      1      0      0      0      0      0]]




