part: b) fixed
-------------------------------------------------------
5
Epoch:  999  Loss:  1.8996989479226984
Time taken to Train:  50.72356033325195
Accuracy on Test:  0.449071
Accuracy on Train:  0.49836065573770494
[[ 71947 429262      0      0      0      0      0      0      0      0]
 [ 45374 377124      0      0      0      0      0      0      0      0]
 [  3114  44508      0      0      0      0      0      0      0      0]
 [  1270  19851      0      0      0      0      0      0      0      0]
 [   621   3264      0      0      0      0      0      0      0      0]
 [   665   1331      0      0      0      0      0      0      0      0]
 [    30   1394      0      0      0      0      0      0      0      0]
 [     2    228      0      0      0      0      0      0      0      0]
 [     2     10      0      0      0      0      0      0      0      0]
 [     0      3      0      0      0      0      0      0      0      0]]
-------------------------------------------------------
10
Epoch:  999  Loss:  1.0410340427621898
Time taken to Train:  53.41934323310852
Accuracy on Test:  0.63083
Accuracy on Train:  0.6345861655337864
[[501208      1      0      0      0      0      0      0      0      0]
 [259664 116022  46809      0      1      2      0      0      0      0]
 [ 20203  13819  13600      0      0      0      0      0      0      0]
 [ 13610   5795   1716      0      0      0      0      0      0      0]
 [  3883      2      0      0      0      0      0      0      0      0]
 [  1996      0      0      0      0      0      0      0      0      0]
 [   659    436    329      0      0      0      0      0      0      0]
 [   140     83      7      0      0      0      0      0      0      0]
 [    12      0      0      0      0      0      0      0      0      0]
 [     3      0      0      0      0      0      0      0      0      0]]
-------------------------------------------------------
15
Epoch:  567  Loss:  0.20033324797614557
Time taken to Train:  73.77548599243164
Accuracy on Test:  0.942472
Accuracy on Train:  0.9530587764894043
[[493740   7203      0      0    266      0      0      0      0      0]
 [ 10158 410029   2294      0     12      0      5      0      0      0]
 [   104   8518  38508      0      0      0    492      0      0      0]
 [   466  19264   1391      0      0      0      0      0      0      0]
 [  3486    210      0      0    189      0      0      0      0      0]
 [  1962     34      0      0      0      0      0      0      0      0]
 [     2    345   1071      0      0      0      6      0      0      0]
 [     1    223      6      0      0      0      0      0      0      0]
 [    11      0      0      0      1      0      0      0      0      0]
 [     2      1      0      0      0      0      0      0      0      0]]
-------------------------------------------------------
20
Epoch:  867  Loss:  0.15962004389782844
Time taken to Train:  115.3129403591156
Accuracy on Test:  0.945343
Accuracy on Train:  0.9582167133146742
[[496675   4534      0      0      0      0      0      0      0      0]
 [ 11747 406321   2571   1790     26     42      0      0      0      1]
 [    30   5017  41057   1518      0      0      0      0      0      0]
 [    72  16941   2808   1290      0      0     10      0      0      0]
 [  3843     42      0      0      0      0      0      0      0      0]
 [  1979     17      0      0      0      0      0      0      0      0]
 [     0     49   1361     14      0      0      0      0      0      0]
 [     0    157     55     18      0      0      0      0      0      0]
 [    12      0      0      0      0      0      0      0      0      0]
 [     3      0      0      0      0      0      0      0      0      0]]

-------------------------------------------------------
25
Epoch:  936  Loss:  0.1903507425583941
Time taken to Train:  131.12751650810242
Accuracy on Test:  0.919883
Accuracy on Train:  0.9482606957217113
[[486869  14296      9      0     35      0      0      0      0      0]
 [ 23708 392374   6183     14    195      7      0      0     12      5]
 [    12   6981  40623      6      0      0      0      0      0      0]
 [   129  18353   2638      0      1      0      0      0      0      0]
 [  3800     68      0      0     17      0      0      0      0      0]
 [  1930     66      0      0      0      0      0      0      0      0]
 [     0     52   1372      0      0      0      0      0      0      0]
 [     0    151     79      0      0      0      0      0      0      0]
 [    12      0      0      0      0      0      0      0      0      0]
 [     3      0      0      0      0      0      0      0      0      0]]

######################################################################################################################################
part c) fixed
-------------------------------------------------------
5
Epoch:  999  Loss:  1.5983794995029326
Time taken to Train:  111.40612816810608
Accuracy on Test:  0.564006
Accuracy on Train:  0.5680527788884446
[[484141  17068      0      0      0      0      0      0      0      0]
 [342606  79862     30      0      0      0      0      0      0      0]
 [ 33651  13968      3      0      0      0      0      0      0      0]
 [ 16822   4299      0      0      0      0      0      0      0      0]
 [  3416    469      0      0      0      0      0      0      0      0]
 [  1936     60      0      0      0      0      0      0      0      0]
 [  1001    423      0      0      0      0      0      0      0      0]
 [   161     69      0      0      0      0      0      0      0      0]
 [     9      3      0      0      0      0      0      0      0      0]
 [     3      0      0      0      0      0      0      0      0      0]]
-------------------------------------------------------
10
Epoch:  999  Loss:  0.6678200130599012
Time taken to Train:  133.23140382766724
Accuracy on Test:  0.751194
Accuracy on Train:  0.7672930827668932
[[359958 141251      0      0      0      0      0      0      0      0]
 [ 32498 374424  15576      0      0      0      0      0      0      0]
 [   522  30288  16812      0      0      0      0      0      0      0]
 [   738  19734    649      0      0      0      0      0      0      0]
 [  1957   1928      0      0      0      0      0      0      0      0]
 [  1437    559      0      0      0      0      0      0      0      0]
 [     9    916    499      0      0      0      0      0      0      0]
 [     1    220      9      0      0      0      0      0      0      0]
 [     7      5      0      0      0      0      0      0      0      0]
 [     1      2      0      0      0      0      0      0      0      0]]
-------------------------------------------------------
15
Epoch:  776  Loss:  0.2879626586001347
Time taken to Train:  121.1483998298645
Accuracy on Test:  0.899922
Accuracy on Train:  0.9114354258296681
[[491452   9462      0      0    295      0      0      0      0      0]
 [ 33122 388373   1000      0      3      0      0      0      0      0]
 [  1126  26493  19987      0      1      0     15      0      0      0]
 [   208  20515    398      0      0      0      0      0      0      0]
 [  3540    235      0      0    110      0      0      0      0      0]
 [  1957     39      0      0      0      0      0      0      0      0]
 [     4    743    677      0      0      0      0      0      0      0]
 [     0    221      9      0      0      0      0      0      0      0]
 [    10      1      0      0      1      0      0      0      0      0]
 [     2      0      0      0      1      0      0      0      0      0]]
-------------------------------------------------------
20
Epoch:  784  Loss:  0.1206673672963922
Time taken to Train:  137.13405346870422
Accuracy on Test:  0.954576
Accuracy on Train:  0.9680527788884447
[[498256   2699      0      0    245      9      0      0      0      0]
 [  3410 413450   3721   1830     51     20     16      0      0      0]
 [     8   7111  40003    333      1      0    165      1      0      0]
 [    11  17404   1010   2684      0      0      6      6      0      0]
 [  3686     62      0      0    137      0      0      0      0      0]
 [  1990      6      0      0      0      0      0      0      0      0]
 [     0    132   1216     30      0      0     46      0      0      0]
 [     0    172      9     49      0      0      0      0      0      0]
 [    12      0      0      0      0      0      0      0      0      0]
 [     2      0      0      0      1      0      0      0      0      0]]
-------------------------------------------------------
25
Epoch:  641  Loss:  0.061254752963703016
Time taken to Train:  121.89440751075745
Accuracy on Test:  0.958729
Accuracy on Train:  0.9818072770891644
[[497999   1585      0      0   1546     43      0      0      1     35]
 [  2449 407323   2291  10345     52     19      7      1     11      0]
 [     1   2820  44032    655      0      0    114      0      0      0]
 [     2  11717    714   8684      1      0      3      0      0      0]
 [  3212     41      0      0    615      0      0      0      0     17]
 [  1982      6      0      0      7      0      0      0      0      1]
 [     0     32   1287     29      0      0     76      0      0      0]
 [     0     65      7    158      0      0      0      0      0      0]
 [     9      0      0      0      3      0      0      0      0      0]
 [     2      0      0      0      1      0      0      0      0      0]]



